0 0.08203125 0.6046875 0.1515625 0.2
0 0.40546875 0.7859375 0.3203125 0.3125
0 0.7921875 0.8046875 0.3390625 0.390625
0 0.94609375 0.4875 0.1078125 0.1953125
0 0.76640625 0.434375 0.1359375 0.1140625
0 0.575 0.490625 0.0890625 0.0703125
0 0.46953125 0.48515625 0.0875 0.0515625
0 0.6859375 0.31171875 0.2375 0.1015625
0 0.26640625 0.39296875 0.0546875 0.0546875
0 0.371875 0.37578125 0.0625 0.059375
0 0.45625 0.28515625 0.078125 0.065625
0 0.50703125 0.3984375 0.0765625 0.065625
0 0.55546875 0.2140625 0.125 0.0578125
0 0.05 0.39375 0.078125 0.065625
0 0.72578125 0.1796875 0.1796875 0.128125