0 0.5171875 0.85625 0.121875 0.1546875
0 0.471875 0.6671875 0.1609375 0.1640625
0 0.590625 0.5234375 0.0859375 0.103125
0 0.5875 0.3859375 0.071875 0.0921875
0 0.74765625 0.24921875 0.0671875 0.084375
0 0.85078125 0.278125 0.0515625 0.0765625
0 0.9078125 0.09921875 0.178125 0.1984375
0 0.52109375 0.20234375 0.1359375 0.059375
0 0.59765625 0.0859375 0.06875 0.0765625
0 0.440625 0.128125 0.071875 0.071875
0 0.32734375 0.0984375 0.06875 0.0953125
0 0.2703125 0.21875 0.090625 0.0859375
0 0.1703125 0.27890625 0.1546875 0.121875
0 0.23203125 0.40703125 0.10625 0.11875
0 0.35234375 0.30234375 0.06875 0.1015625
0 0.3484375 0.503125 0.1109375 0.1859375